version: 1
device: /dev/video0
image_size:
- 1280
- 720
camera_matrix:
- - 993.499050200837
  - 0.0
  - 652.6199036299578
- - 0.0
  - 994.6942668320797
  - 355.43294175878503
- - 0.0
  - 0.0
  - 1.0
dist_coeffs:
- -0.36426492260837695
- 0.14366576401376255
- -0.0011214717078970814
- -0.0010371879206011393
- -0.057704723217948464
rms: 0.21824800861540136
per_view_rmse_px:
- 0.13348478078842163
- 0.21538254618644714
- 0.22983816266059875
- 0.19877250492572784
- 0.1761483997106552
- 0.2888159453868866
- 0.17204496264457703
- 0.17362794280052185
- 0.18376481533050537
- 0.27390119433403015
- 0.25352516770362854
- 0.16993224620819092
- 0.18798890709877014
- 0.19162404537200928
- 0.3357119560241699
- 0.20326876640319824
- 0.1513676941394806
- 0.21487541496753693
- 0.22819702327251434
- 0.2899573743343353
- 0.1508205384016037
- 0.13547909259796143
- 0.20124179124832153
- 0.26050764322280884
- 0.22744759917259216
- 0.15843310952186584
- 0.14682991802692413
- 0.16593624651432037
- 0.13726741075515747
- 0.39276808500289917
input_samples: 30
samples: 30
rejected_sample_numbers: []
fov_deg:
  horizontal: 65.57828335414544
  vertical: 39.7924321632234
board:
  squares_x: 7
  squares_y: 5
  square_length_m: 0.04
  marker_length_m: 0.03
  dictionary: DICT_4X4_50
